0.158530 0.486901
0.792202 0.762825
0.738013 0.827616
0.615232 0.064454
0.107092 0.863317
0.395908 0.043916
0.848473 0.112317
0.095420 0.786050
0.684045 0.631946
0.771410 0.386939
0.997176 0.122313
0.758012 0.929986
0.762533 0.084336
0.533326 0.509709
0.636874 0.972299
0.950162 0.341602
0.441805 0.922723
0.374015 0.653670
0.778271 0.564235
0.671664 0.493681
0.052601 0.617204
0.924451 0.805943
0.765215 0.477260
0.202208 0.132361
0.515627 0.743434
0.726965 0.074768
0.811187 0.699469
0.279975 0.219012
0.432028 0.086015
0.761284 0.565975
0.800981 0.111699
0.397958 0.640721
0.534756 0.542728
0.215252 0.358151
0.111487 0.883491
0.034437 0.412054
0.379750 0.114754